0 -0.044608 0.219855 0.0545744 0.0160413 0.104077 -0.0695292 0.17538 
0.044608 0 0.264463 0.0991824 0.0606493 0.148685 -0.0249212 0.219988 
-0.219855 -0.264463 0 -0.165281 -0.203814 -0.115778 -0.289384 -0.0444749 
-0.0545744 -0.0991824 0.165281 0 -0.0385331 0.0495031 -0.124104 0.120806 
-0.0160413 -0.0606493 0.203814 0.0385331 0 0.0880362 -0.0855705 0.159339 
-0.104077 -0.148685 0.115778 -0.0495031 -0.0880362 0 -0.173607 0.0713027 
0.0695292 0.0249212 0.289384 0.124104 0.0855705 0.173607 0 0.244909 
-0.17538 -0.219988 0.0444749 -0.120806 -0.159339 -0.0713027 -0.244909 0 
0 0.0113793 0.00769387 0.0048355 0.00749697 0.00920012 0.0702711 0.052065 
0.0113793 0 0.0112376 0.0128103 0.00973457 0.00837557 0.0711603 0.0534262 
0.00769387 0.0112376 0 0.0102756 0.00899661 0.00845782 0.0729823 0.0549396 
0.0048355 0.0128103 0.0102756 0 0.00917343 0.0121703 0.072306 0.0537866 
0.00749697 0.00973457 0.00899661 0.00917343 0 0.00748861 0.073274 0.0551339 
0.00920012 0.00837557 0.00845782 0.0121703 0.00748861 0 0.0700362 0.0524381 
0.0702711 0.0711603 0.0729823 0.072306 0.073274 0.0700362 0 0.020168 
0.052065 0.0534262 0.0549396 0.0537866 0.0551339 0.0524381 0.020168 0 
