0 0.00346699 0.0304375 -0.165491 -0.413457 -0.328913 -0.340351 -0.0713848 
-0.00346699 0 0.0269705 -0.168958 -0.416924 -0.33238 -0.343818 -0.0748518 
-0.0304375 -0.0269705 0 -0.195929 -0.443894 -0.35935 -0.370788 -0.101822 
0.165491 0.168958 0.195929 0 -0.247965 -0.163422 -0.17486 0.0941063 
0.413457 0.416924 0.443894 0.247965 0 0.0845439 0.0731056 0.342072 
0.328913 0.33238 0.35935 0.163422 -0.0845439 0 -0.0114383 0.257528 
0.340351 0.343818 0.370788 0.17486 -0.0731056 0.0114383 0 0.268966 
0.0713848 0.0748518 0.101822 -0.0941063 -0.342072 -0.257528 -0.268966 0 
0 0.0143924 0.0116323 0.0147993 0.00812925 0.0095556 0.0154171 0.0155413 
0.0143924 0 0.0141879 0.0154653 0.0114104 0.00853164 0.0167856 0.0174967 
0.0116323 0.0141879 0 0.00870264 0.0126808 0.0100296 0.00946125 0.0111698 
0.0147993 0.0154653 0.00870264 0 0.0148706 0.0132991 0.0101789 0.0107654 
0.00812925 0.0114104 0.0126808 0.0148706 0 0.00803061 0.0170324 0.0138787 
0.0095556 0.00853164 0.0100296 0.0132991 0.00803061 0 0.0151625 0.0152494 
0.0154171 0.0167856 0.00946125 0.0101789 0.0170324 0.0151625 0 0.0135059 
0.0155413 0.0174967 0.0111698 0.0107654 0.0138787 0.0152494 0.0135059 0 
