0 0.00818341 0.244091 0.0497141 0.0324942 0.121277 -0.0662368 0.180245 
-0.00818341 0 0.235907 0.0415307 0.0243108 0.113093 -0.0744202 0.172061 
-0.244091 -0.235907 0 -0.194377 -0.211597 -0.122814 -0.310328 -0.0638462 
-0.0497141 -0.0415307 0.194377 0 -0.0172199 0.0715626 -0.115951 0.13053 
-0.0324942 -0.0243108 0.211597 0.0172199 0 0.0887826 -0.0987309 0.14775 
-0.121277 -0.113093 0.122814 -0.0715626 -0.0887826 0 -0.187513 0.0589678 
0.0662368 0.0744202 0.310328 0.115951 0.0987309 0.187513 0 0.246481 
-0.180245 -0.172061 0.0638462 -0.13053 -0.14775 -0.0589678 -0.246481 0 
0 0.0206866 0.013011 0.0235196 0.0193603 0.0166332 0.0726821 0.0439156 
0.0206866 0 0.0143725 0.0195002 0.0202117 0.0115026 0.0650334 0.0383063 
0.013011 0.0143725 0 0.0253815 0.023548 0.00785957 0.0659583 0.0411732 
0.0235196 0.0195002 0.0253815 0 0.0164172 0.0224384 0.0733483 0.0453591 
0.0193603 0.0202117 0.023548 0.0164172 0 0.0240823 0.0809737 0.0509774 
0.0166332 0.0115026 0.00785957 0.0224384 0.0240823 0 0.061974 0.0385156 
0.0726821 0.0650334 0.0659583 0.0733483 0.0809737 0.061974 0 0.0403086 
0.0439156 0.0383063 0.0411732 0.0453591 0.0509774 0.0385156 0.0403086 0 
