0 -0.0496221 0.227468 0.0274273 -0.00253694 0.0977339 -0.0603452 0.143295 
0.0496221 0 0.277091 0.0770494 0.0470852 0.147356 -0.0107231 0.192918 
-0.227468 -0.277091 0 -0.200041 -0.230005 -0.129735 -0.287814 -0.084173 
-0.0274273 -0.0770494 0.200041 0 -0.0299643 0.0703066 -0.0877725 0.115868 
0.00253694 -0.0470852 0.230005 0.0299643 0 0.100271 -0.0578083 0.145832 
-0.0977339 -0.147356 0.129735 -0.0703066 -0.100271 0 -0.158079 0.0455615 
0.0603452 0.0107231 0.287814 0.0877725 0.0578083 0.158079 0 0.203641 
-0.143295 -0.192918 0.084173 -0.115868 -0.145832 -0.0455615 -0.203641 0 
0 0.0243152 0.0150495 0.0156868 0.0136601 0.015731 0.0603252 0.0503629 
0.0243152 0 0.0110367 0.0126646 0.0124595 0.0111221 0.0735454 0.0642107 
0.0150495 0.0110367 0 0.00662468 0.00611207 0.00440552 0.0666245 0.056809 
0.0156868 0.0126646 0.00662468 0 0.00567843 0.00757421 0.0663715 0.0561809 
0.0136601 0.0124595 0.00611207 0.00567843 0 0.00664685 0.0643484 0.0544211 
0.015731 0.0111221 0.00440552 0.00757421 0.00664685 0 0.0649467 0.0553655 
0.0603252 0.0735454 0.0666245 0.0663715 0.0643484 0.0649467 0 0.0126244 
0.0503629 0.0642107 0.056809 0.0561809 0.0544211 0.0553655 0.0126244 0 
