0 -0.0319465 0.00634892 0 -0.189723 -0.132333 -0.354693 -0.0860672
0.0319465 0 0.0382954 0 -0.157777 -0.100386 -0.322747 -0.0541207
-0.00634892 -0.0382954 0 0 -0.196072 -0.138682 -0.361042 -0.0924161
0 0 0 0 0 0 0 0
0.189723 0.157777 0.196072 0 0 0.0573905 -0.16497 0.103656
0.132333 0.100386 0.138682 0 -0.0573905 0 -0.22236 0.0462656
0.354693 0.322747 0.361042 0 0.16497 0.22236 0 0.268626
0.0860672 0.0541207 0.0924161 0 -0.103656 -0.0462656 -0.268626 0
0 0.00483979 0.00812077 0 0.00713645 0.00401375 0.00702855 0.0077139
0.00483979 0 0.00728279 0 0.00518584 0.00449887 0.00480447 0.00516002
0.00812077 0.00728279 0 0 0.00687314 0.00663925 0.00558076 0.00483861
0 0 0 0 0 0 0 0
0.00713645 0.00518584 0.00687314 0 0 0.005558 0.00500234 0.0026503
0.00401375 0.00449887 0.00663925 0 0.005558 0 0.00698253 0.0055653
0.00702855 0.00480447 0.00558076 0 0.00500234 0.00698253 0 0.00422137
0.0077139 0.00516002 0.00483861 0 0.0026503 0.0055653 0.00422137 0
