0 -0.0311457 0.00603612 0 -0.185249 -0.11316 -0.321548 -0.0586803
0.0311457 0 0.0371818 0 -0.154104 -0.0820148 -0.290402 -0.0275346
-0.00603612 -0.0371818 0 0 -0.191286 -0.119197 -0.327584 -0.0647164
0 0 0 0 0 0 0 0
0.185249 0.154104 0.191286 0 0 0.0720891 -0.136299 0.126569
0.11316 0.0820148 0.119197 0 -0.0720891 0 -0.208388 0.0544802
0.321548 0.290402 0.327584 0 0.136299 0.208388 0 0.262868
0.0586803 0.0275346 0.0647164 0 -0.126569 -0.0544802 -0.262868 0
0 0.00192385 0.00564307 0 0.00442781 0.0029746 0.00481079 0.0042961
0.00192385 0 0.00489015 0 0.00373757 0.00271511 0.00437987 0.00350225
0.00564307 0.00489015 0 0 0.00620096 0.00448997 0.00351995 0.0017555
0 0 0 0 0 0 0 0
0.00442781 0.00373757 0.00620096 0 0 0.00451226 0.00432229 0.00571965
0.0029746 0.00271511 0.00448997 0 0.00451226 0 0.00518189 0.00373628
0.00481079 0.00437987 0.00351995 0 0.00432229 0.00518189 0 0.00343411
0.0042961 0.00350225 0.0017555 0 0.00571965 0.00373628 0.00343411 0
