0 -0.0400258 0.0310024 -0.154237 -0.447042 -0.319748 -0.287714 -0.0716829 
0.0400258 0 0.0710282 -0.114211 -0.407017 -0.279722 -0.247688 -0.0316572 
-0.0310024 -0.0710282 0 -0.185239 -0.478045 -0.350751 -0.318716 -0.102685 
0.154237 0.114211 0.185239 0 -0.292805 -0.165511 -0.133477 0.082554 
0.447042 0.407017 0.478045 0.292805 0 0.127294 0.159329 0.375359 
0.319748 0.279722 0.350751 0.165511 -0.127294 0 0.0320346 0.248065 
0.287714 0.247688 0.318716 0.133477 -0.159329 -0.0320346 0 0.216031 
0.0716829 0.0316572 0.102685 -0.082554 -0.375359 -0.248065 -0.216031 0 
0 0.00794981 0.00700232 0.0112838 0.00946851 0.0113479 0.0108628 0.0148605 
0.00794981 0 0.0109351 0.0145389 0.0123014 0.0113444 0.0133534 0.018469 
0.00700232 0.0109351 0 0.00809589 0.00949189 0.0106741 0.00854256 0.0122654 
0.0112838 0.0145389 0.00809589 0 0.0102732 0.0107323 0.00638476 0.00874351 
0.00946851 0.0123014 0.00949189 0.0102732 0 0.00771241 0.00772476 0.009417 
0.0113479 0.0113444 0.0106741 0.0107323 0.00771241 0 0.0080207 0.0121828 
0.0108628 0.0133534 0.00854256 0.00638476 0.00772476 0.0080207 0 0.00721633 
0.0148605 0.018469 0.0122654 0.00874351 0.009417 0.0121828 0.00721633 0 
