0 -0.0189164 0.232268 0.0211336 0.00365552 0.0882367 -0.103065 0.140607 
0.0189164 0 0.251185 0.04005 0.0225719 0.107153 -0.0841482 0.159523 
-0.232268 -0.251185 0 -0.211135 -0.228613 -0.144032 -0.335333 -0.0916618 
-0.0211336 -0.04005 0.211135 0 -0.0174781 0.0671031 -0.124198 0.119473 
-0.00365552 -0.0225719 0.228613 0.0174781 0 0.0845812 -0.10672 0.136951 
-0.0882367 -0.107153 0.144032 -0.0671031 -0.0845812 0 -0.191301 0.0523699 
0.103065 0.0841482 0.335333 0.124198 0.10672 0.191301 0 0.243671 
-0.140607 -0.159523 0.0916618 -0.119473 -0.136951 -0.0523699 -0.243671 0 
0 0.0325371 0.0184868 0.0224653 0.0336253 0.0183587 0.0614949 0.04517 
0.0325371 0 0.0246886 0.0189762 0.0199514 0.019255 0.0877839 0.0678994 
0.0184868 0.0246886 0 0.0141728 0.028384 0.0107041 0.0735333 0.0571765 
0.0224653 0.0189762 0.0141728 0 0.0165858 0.0120765 0.0803222 0.0610651 
0.0336253 0.0199514 0.028384 0.0165858 0 0.023312 0.0920496 0.0716006 
0.0183587 0.019255 0.0107041 0.0120765 0.023312 0 0.0761742 0.058817 
0.0614949 0.0877839 0.0735333 0.0803222 0.0920496 0.0761742 0 0.0256748 
0.04517 0.0678994 0.0571765 0.0610651 0.0716006 0.058817 0.0256748 0 
