0 -0.0776335 0.00545978 0 -0.218984 -0.137629 -0.301362 -0.0945581
0.0776335 0 0.0830933 0 -0.141351 -0.0599956 -0.223728 -0.0169245
-0.00545978 -0.0830933 0 0 -0.224444 -0.143089 -0.306822 -0.100018
0 0 0 0 0 0 0 0
0.218984 0.141351 0.224444 0 0 0.0813551 -0.0823777 0.124426
0.137629 0.0599956 0.143089 0 -0.0813551 0 -0.163733 0.0430711
0.301362 0.223728 0.306822 0 0.0823777 0.163733 0 0.206804
0.0945581 0.0169245 0.100018 0 -0.124426 -0.0430711 -0.206804 0
0 0.00379481 0.00442871 0 0.00755377 0.00596496 0.00412571 0.00344402
0.00379481 0 0.0034831 0 0.00613691 0.0041592 0.0033942 0.0022985
0.00442871 0.0034831 0 0 0.00631742 0.00576199 0.00336669 0.00229589
0 0 0 0 0 0 0 0
0.00755377 0.00613691 0.00631742 0 0 0.00763519 0.00772195 0.00608621
0.00596496 0.0041592 0.00576199 0 0.00763519 0 0.0071474 0.0057672
0.00412571 0.0033942 0.00336669 0 0.00772195 0.0071474 0 0.00204775
0.00344402 0.0022985 0.00229589 0 0.00608621 0.0057672 0.00204775 0
